1262349941
2026824068
348202328
52260760
1582144542
201266133
1736897126
1443292112
1912495740
527457558
2072726023
1756087251
84021235
1933122217
1321978945
2082814767
1480484545
1182668014
573143246
1335662586
723340977
1490523320
1962734291
1656553318
2125695949
1827430907
132764184
905778092
1378379135
186304
464850551
1231815228
621186678
1404176757
1851746063
479957044
944140714
1710699056
29146827
797483967
197207141
963194799
1428671167
59372673
517430832
210765139
1750449987
1450847822
835516730
544963593
2064754222
1767794037
1169491713
1933387133
246302196
1019640136
405762068
107620739
1641589536
264361666
729922924
1504220892
1969187887
598055377
2139376606
1829419029
138920564
608378812
1385921764
1849320866
468119569
2002855351
628661365
1101434522
790130333
174740174
951602305
335553879
43267615
1581939215
1271124755
1732995204
370168446
825375964
1606556339
2059513705
1753392769
1142848763
1920447684
1309830518
1006710763
395305235
93427171
1618959873
263134876
1799906198
1479847535
1955550453
584886687
1046348633
743844173
132331056
892049826
302051461
2140737748
458796841
146674822
1686742986
1384118229
782151655
462715254
935434189
634679228
27942595
805488910
193900451
2033196930
1418137744
1119090754
1587909075
216342204
671101723
373437464
833751350
527757607
992157602
686805565
88221464
862264570
1316097876
1016316228
1471083331
106276516
567255508
1336247608
725579186
1500945342
1956592457
582163191
2125891104
1819071679
1209557448
912091750
304150115
2151366
1525857133
1235619758
1696985072
1389019788
1863704474
1551379003
2017110533
1721645791
32840115
1866696812
1278388123
961441572
1421406761
1128002779
1596599407
1283106870
1746138115
371909044
840163736
1601247120
2080501724
1766362487
1160464750
1925947120
256020334
2091114412
1484798219
1188214938
1644946708
272019397
731557576
1505506862
1972694194
1663759435
1056764034
755479676
1212300385
1983740838
1378056949
1077040747
473149411
1240875510
625520463
315843089
786338225
1562360757
2022101578
638311804
1107371645
801654632
1271844456
965332116
1431285439
56445899
1597330450
1291177993
1764977965
1452862733
844606441
542131546
2079684936
1772521048
1182361212
855201847
1329959839
1027505452
413256320
109663339
1650401749
1341138502
744948518
1512715659
909933707
598315338
2141688258
1829132912
1216405893
917051879
1381727677
1077091996
475911942
1254314570
634241352
334178233
804724857
491681294
2030417756
656083172
1116163745
1888963977
201766868
972494952
1442069182
1142948267
523475442
1310410639
689428386
392496490
1924495683
545078708
2089060308
1774361442
93941206
874160106
1328133918
1031046875
1487531934
1183688587
1655266189
285809063
754513009
446254686
1981267507
607873462
1559323
1827976338
1235849449
1688356859
1386023253
785009801
1554316880
2016454967
1715533916
1103897344
1877640250
1261118231
2039108088
354676968
47599616
